540000	1279685
530829	1279708
540200	1279715
620900	1279945
653100	1279987
630000	1280239
542100	1280281
542600	1280389
542600	1280485
540100	1280737
653100	1280849
620200	1280957
653200	1281019
654002	1529013
650000	1529047
650100	1529102
652100	1529113
659001	1529195
654003	1529355
652801	1529376
650200	1529401
652722	1529417
652200	1529484
620900	1529531
652300	1529569
652300	1529569
652701	1529587
654301	1529651
652900	1529660
522726	1550894
341500	1552877
341300	1552896
340500	1554205
520300	1783621
370800	1783633
371600	1783641
512002	1783683
510300	1783745
430200	1783763
130600	1783851
411700	1783873
411400	1783934
330600	1783940
210200	1784055
411600	1784130
530400	1784185
431200	1784414
520500	1784520
431200	1784525
321100	1784642
410100	1784658
130100	1784712
330000	1784764
411400	1784780
140800	1784818
530600	1784841
441200	1784853
440800	1784990
350600	1785018
620700	1785036
360900	1785083
370100	1785094
370300	1785286
410500	1785294
370400	1785453
420600	1785462
330200	1785545
420500	1785548
411000	1785566
320500	1785623
530000	1785694
532801	1785710
320300	1785716
445300	1785725
140800	1785738
450900	1785781
430600	1785884
513324	1785946
330300	1785952
140702	1785974
371400	1785979
140900	1786060
429005	1786067
441600	1786112
431100	1786217
411400	1786373
500000	1786378
350400	1786401
371300	1786455
140500	1786559
360600	1786577
421300	1786589
640100	1786657
361100	1786659
370700	1786731
360900	1786746
410300	1786750
420600	1786759
420500	1786764
511500	1786770
370800	1787031
370600	1787093
610100	1787144
321000	1787227
371600	1787262
450300	1787323
320500	1787331
140300	1787353
140100	1787356
610400	1787458
371500	1787601
320900	1787746
610600	1787765
511802	1787816
320300	1787824
361100	1787858
610900	1787873
310000	1787957
370400	1788025
411000	1788046
341802	1788081
460100	1788245
411700	1788390
360600	1788406
140900	1788450
410100	1788466
360500	1788508
411300	1788522
411500	1788534
410700	1788572
370900	1788618
320700	1788694
421000	1788797
139002	1788815
630100	1788852
431200	1788863
410100	1788911
130500	1788927
610400	1788949
321200	1789022
610900	1789065
410300	1789262
440600	1789273
411600	1789427
513401	1789647
141181	1789896
410100	1789897
330100	1789998
420900	1790251
610400	1790353
429004	1790371
331024	1790414
451300	1790436
440400	1790437
430300	1790471
340600	1790516
610100	1790630
350200	1790645
450400	1790840
131100	1790877
421100	1790894
320200	1790923
330400	1790942
430700	1791121
420100	1791247
150300	1791249
330300	1791388
370800	1791428
331081	1791464
410200	1791610
610100	1791624
610500	1791636
371000	1791673
370700	1791681
469006	1791779
340800	1792014
341000	1792359
110000	1792520
350900	1792585
520600	1792592
330100	1792617
340700	1792622
340800	1792701
411300	1792714
522627	1792840
331023	1792889
120000	1792947
341100	1793015
370400	1793036
130600	1793307
430500	1793440
371300	1793475
321200	1793505
140100	1793511
321200	1793533
451400	1793642
440700	1793700
370900	1793724
341300	1793743
321300	1793771
130900	1793840
421300	1793879
340600	1793889
510900	1793900
370800	1794140
530802	1794209
441200	1794253
510000	1794299
140600	1794328
370200	1794479
370700	1794794
420300	1794903
110000	1795254
522623	1795479
440300	1795565
131100	1795578
610800	1795617
330600	1795647
421000	1795816
330600	1795855
350700	1795857
440200	1795874
140000	1795912
330600	1796035
611002	1796068
411600	1796110
611023	1796152
411300	1796205
310000	1796236
370000	1796328
610000	1796480
350400	1796663
411200	1796669
131000	1796823
330300	1797063
350100	1797120
445200	1797121
371100	1797132
130900	1797181
131100	1797238
330800	1797264
530300	1797318
370800	1797333
450300	1797352
350500	1797353
130600	1797401
460100	1797535
450700	1797551
410800	1797557
130300	1797595
350500	1797658
640381	1797693
320800	1797873
370200	1797929
441800	1797945
310000	1798439
210200	1798490
371400	1798623
370100	1798632
371300	1798634
140728	1798636
360300	1798654
450800	1798734
620800	1798760
370200	1798821
410400	1798827
630221	1798863
511600	1799194
370900	1799348
640000	1799355
411400	1799366
120000	1799379
330200	1799384
530821	1799389
330200	1799397
511000	1799491
520500	1799501
411300	1799629
320600	1799722
450100	1799869
320100	1799962
511300	1800146
360100	1800163
441200	1800201
410100	1800433
411400	1800459
341100	1800519
510700	1800627
371300	1800675
410800	1800684
440800	1800829
440900	1801180
320600	1801200
130600	1801312
420500	1801455
421100	1801582
340500	1801620
510500	1801640
331004	1801757
410300	1801792
611021	1801870
411100	1801934
140400	1802167
140100	1802232
431300	1802238
331100	1802257
350800	1802276
450400	1802287
360700	1802495
370600	1802550
611022	1802562
533124	1802682
445200	1802940
331100	1803245
141102	1803255
610100	1803266
450200	1803300
371300	1803317
430600	1803325
410500	1803327
410400	1803359
370700	1803364
371500	1803367
331082	1803422
371400	1803437
141000	1803567
530900	1803590
330100	1803594
430200	1803616
370500	1803631
530700	1803670
422800	1803782
371500	1803834
441800	1803841
320800	1803877
620600	1803936
500000	1803998
440800	1804120
511100	1804153
360200	1804156
431300	1804169
371400	1804195
430400	1804208
440800	1804243
420600	1804386
620100	1804430
330700	1804442
431300	1804451
131000	1804540
370600	1804586
371200	1804591
451300	1804609
530100	1804651
330600	1804753
621224	1804816
532502	1804850
500000	1804855
522601	1804866
410200	1804879
321100	1804909
130500	1804957
320600	1804979
131100	1805029
410700	1805031
330100	1805064
360400	1805179
433101	1805270
130100	1805336
320400	1805360
430700	1805380
370800	1805518
330700	1805528
421000	1805567
120000	1805657
360800	1805667
360200	1805680
620300	1805733
370100	1805753
370200	1805757
350200	1805763
140781	1805833
341200	1805844
330400	1805953
370800	1805956
410800	1805987
141130	1806054
370200	1806096
350900	1806097
350700	1806167
321200	1806218
360000	1806222
320000	1806260
330800	1806273
440700	1806299
441700	1806408
360800	1806430
360800	1806445
510800	1806466
469002	1806488
330500	1806535
330700	1806603
141000	1806624
130100	1806656
410700	1806673
430000	1806691
441300	1806776
410700	1806787
371600	1806824
441300	1806881
440700	1806882
420000	1806949
440900	1806960
610500	1806988
331021	1807086
421100	1807112
331003	1807143
421100	1807339
130900	1807469
421100	1807508
110000	1807544
522301	1807566
411600	1807651
340400	1807681
410300	1807683
431200	1807689
340600	1807700
320800	1807703
431200	1808106
371700	1808198
500000	1808212
411000	1808310
430400	1808370
131100	1808392
430400	1808436
140800	1808593
510500	1808612
130900	1808614
340100	1808722
451200	1808759
410600	1808770
130000	1808773
139000  1808775
610700	1808857
370700	1808879
430700	1808887
330100	1808926
140400	1808956
130400	1808963
420900	1808977
331002	1809061
460100	1809078
110000	1809104
320600	1809116
640400	1809152
411500	1809223
610300	1809263
411200	1809289
140100	1809435
520000	1809445
520100	1809461
450800	1809486
450300	1809498
450800	1809532
131100	1809587
510100	1809730
440100	1809858
450300	1809866
450000	1809867
440000	1809935
131000	1810021
532501	1810240
440900	1810295
321000	1810309
371500	1810363
140500	1810435
370700	1810458
130100	1810598
130600	1810614
360700	1810638
620000	1810676
361000	1810820
350100	1810821
341200	1810845
330100	1810846
500000	1810979
350000	1811017
610800	1811039
610300	1811044
440600	1811103
141182	1811116
110000	1811227
410700	1811265
500000	1811310
370900	1811440
110000	1811542
450600	1811595
420700	1811619
422800	1811720
422800	1811720
440900	1812057
370500	1812101
450600	1812137
320900	1812228
150600	1812256
370900	1812329
441900	1812545
371500	1812592
139001	1812728
621100	1812749
469021	1812826
500000	1812936
371400	1812955
510600	1812961
330500	1812981
411300	1812990
410100	1813016
420200	1813206
511700	1813325
640202	1813344
330200	1813658
321100	1813802
420300	1813828
330400	1813869
210200	1814087
130500	1814088
532900	1814093
532900	1814093
341100	1814757
532300	1814760
532300	1814760
441700	1814786
330700	1814870
500000	1814906
341700	1814934
371500	1814986
230900	1814991
431000	1815059
320200	1815251
510100	1815286
445100	1815395
340100	1815427
320400	1815456
430100	1815577
370100	1815585
430900	1815618
370700	1815669
350100	1815677
130900	1816080
341600	1816234
371600	1816251
130900	1816256
370300	1816265
451000	1816269
450900	1816303
420600	1816316
371600	1816336
520500	1816373
340300	1816440
330200	1816625
110000	1816670
450500	1816705
500000	1816790
511900	1816807
131000	1816832
610100	1816874
321000	1816890
511300	1816924
130600	1816971
120000	1816976
620400	1817240
130500	1817287
520400	1817968
370700	1817990
340800	1817993
420900	1818016
340000	1818058
510700	1885823
320500	1886760
320500	1898321
451122	1901670
420200	1908438
411600	1908861
410400	1909013
500000	1909730
500000	1909735
410400	1910097
141125	1911213
130100	1911837
120000	1912606
451400	1913049
450200	1913063
441400	1913150
440600	1913280
469023	1913842
460200	1914723
441500	1915161
441600	1915257
445300	1915285
469005	1915956
460000	1916045
440300	1916136
330600	1916734
440100	1916870
350700	1917962
330700	1918539
441600	1919287
350600	1921155
350300	1921799
350700	1922014
361100	1924081
430600	1927629
430300	1928504
430700	1930236
431000	1930440
350700	1979422
350900	1980561
433122	1981576
433130	1983565
330300	1984741
330500	1984965
330900	1985105
431300	1986732
451300	1992849
433124	1994604
440700	1996327
440500	1997068
441300	1997150
441400	1998029
610800	2000611
350800	2005666
350500	2006091
350300	2006671
350300	2006742
130281	2033058
230300	2033111
230600	2033147
231200	2033168
130700	2033196
220100	2033242
150400	2033292
220300	2033346
230100	2033403
230700	2033413
222400	2033467
222400	2033467
210100	2033675
211400	2033766
220100	2034008
230100	2034141
222400	2034221
222400	2034340
150500	2034400
220500	2034414
230100	2034416
211200	2034439
230700	2034440
230200	2034599
231200	2034655
231000	2034657
110000	2034754
220200	2034761
230500	2034786
230100	2034834
210100	2034937
230100	2035002
230200	2035265
231200	2035325
110000	2035469
211100	2035516
231000	2035588
231100	2035601
150000	2035607
231000	2035715
110000	2035742
220500	2035801
150781	2035836
222400	2035966
230200	2035970
230600	2035980
220500	2036033
220300	2036055
231000	2036066
150802	2036071
211300	2036075
230500	2036081
220400	2036109
211000	2036113
210000	2036115
130700	2036294
230200	2036302
211200	2036337
230300	2036389
210700	2036427
211400	2036434
150902	2036458
220000	2036500
220200	2036502
230300	2036519
211400	2036575
220500	2036579
230800	2036581
222400	2036653
211400	2036662
230300	2036665
230100	2036671
230800	2036753
110000	2036766
150100	2036892
222400	2036933
230000	2036965
231100	2036973
230400	2036986
230100	2037013
231200	2037069
231000	2037075
150702	2037078
210300	2037086
230200	2037311
220781	2037335
210900	2037346
210400	2037355
210600	2037411
222400	2037534
231000	2037611
220400	2037658
211000	2037705
220100	2037712
232700	2037756
140200	2037799
210882	2037823
210600	2037886
210700	2037913
150400	2038067
211300	2038120
110000	2038154
220100	2038180
230900	2038274
210500	2038300
211300	2038342
150200	2038432
230500	2038438
230500	2038446
220600	2038533
220800	2038569
210300	2038632
231200	2038650
230100	2038679
220300	2046429
210100	2053180
210200	2053334
420500	6642273
331100	6672612
350300	6732238
530100	6823884
530500	6823891
532527	6824283
441500	6849208
440300	6854549
510900	6871634
440600	6922213
510400	6929460
510600	6959362
331100	6968344
340800	6973631
442000	6986104
340500	7041606
410000	7042115
430800	7050433
610200	7064006
340200	7069199
330700	7072825
433123	7304020
320800	7331822
140800	7520374
230100	7629068
230600	7629132
360900	7658014
542400	8046417
150600	8347664
321100	8360728
440300	8366930
532600	8505006
532600	8505006
441400	8540996
350500	8579676
429006	8643370
341600	9165771
410900	9181182
330900	9653589
